16 0.792674 0.865723 0.084982 0.051758
16 0.526740 0.796387 0.253480 0.237305
16 0.254212 0.624023 0.045421 0.027344
16 0.446154 0.574219 0.147985 0.128906
16 0.212821 0.488770 0.104762 0.098633
16 0.486081 0.456055 0.047619 0.039062
16 0.060806 0.435303 0.038095 0.039551
16 0.384615 0.404053 0.048352 0.056152
16 0.267033 0.389893 0.068132 0.046387
16 0.061172 0.344482 0.122344 0.071777
16 0.281319 0.288086 0.048352 0.039062
16 0.556777 0.229492 0.052747 0.033203
16 0.191941 0.152832 0.087912 0.049805
16 0.961538 0.477051 0.076923 0.954102
