16 0.083883 0.912598 0.116484 0.082031
16 0.433700 0.845215 0.294505 0.295898
16 0.801832 0.661377 0.069597 0.037598
16 0.544689 0.577393 0.163370 0.180176
16 0.855678 0.489258 0.124542 0.137695
16 0.994505 0.433105 0.010989 0.050781
16 0.512821 0.414795 0.052747 0.058105
16 0.804762 0.354248 0.107692 0.068848
16 0.625641 0.355713 0.061538 0.080566
16 0.979121 0.315918 0.041758 0.093750
16 0.791941 0.221680 0.077656 0.057617
16 0.455311 0.118164 0.057875 0.037109
16 0.910623 0.114014 0.086447 0.054199
