16 0.895020 0.912821 0.209961 0.174359
16 0.241211 0.812821 0.276367 0.374359
16 0.534424 0.538462 0.054199 0.077656
16 0.409668 0.591209 0.172852 0.246154
16 0.291504 0.435531 0.041992 0.066667
16 0.772217 0.433700 0.050293 0.079121
16 0.545410 0.397070 0.070312 0.089377
16 0.515869 0.267033 0.066895 0.104762
16 0.403564 0.289011 0.129395 0.180952
16 0.615479 0.202564 0.054199 0.078388
16 0.396240 0.095238 0.051270 0.068864
16 0.712158 0.035531 0.072754 0.071062
16 0.483887 0.057143 0.107422 0.114286
16 0.343262 0.004029 0.011719 0.008059
