16 0.578613 0.950183 0.035156 0.030769
16 0.673096 0.950549 0.077637 0.098901
16 0.865479 0.844689 0.043457 0.070330
16 0.530762 0.821978 0.087891 0.096703
16 0.409180 0.784615 0.025391 0.057143
16 0.623779 0.766667 0.050293 0.090110
16 0.734375 0.750183 0.041992 0.070330
16 0.610352 0.607326 0.057617 0.057143
16 0.560059 0.512088 0.035156 0.041026
16 0.453857 0.550549 0.116699 0.135531
16 0.796387 0.450916 0.033203 0.046154
16 0.224609 0.471429 0.258789 0.229304
16 0.150146 0.202198 0.058105 0.089377
16 0.525635 0.036996 0.948730 0.073993
