16 0.272949 0.768132 0.045898 0.068132
16 0.461670 0.537363 0.050293 0.068132
16 0.093018 0.530769 0.071777 0.109158
16 0.245117 0.499634 0.050781 0.068864
16 0.383545 0.494505 0.065918 0.082051
16 0.932617 0.472161 0.073242 0.107692
16 0.334961 0.410989 0.063477 0.089377
16 0.559326 0.415018 0.162598 0.216117
16 0.410400 0.291941 0.122559 0.157509
16 0.007568 0.222344 0.015137 0.052015
16 0.548096 0.220513 0.038574 0.057143
16 0.789062 0.331136 0.293945 0.301832
16 0.315430 0.208059 0.047852 0.061538
16 0.213623 0.228571 0.139160 0.252015
16 0.279785 0.109524 0.047852 0.060806
16 0.077393 0.043956 0.050293 0.068864
16 0.262207 0.012821 0.035156 0.025641
16 0.174316 0.011355 0.035156 0.022711
