15 0.6710170340681362 0.18507687165775402 0.03631513026052104 0.062850935828877
15 0.43670340681362724 0.28538435828877007 0.01725450901803607 0.024087566844919785
15 0.32710921843687374 0.35420120320855614 0.042149298597194386 0.0656985294117647
15 0.3484919839679359 0.46981951871657757 0.020245490981963925 0.024157754010695188
15 0.4112750501002004 0.5020086898395721 0.023772545090180362 0.03286764705882353
15 0.5649423847695391 0.4476336898395722 0.0150501002004008 0.021537433155080214
15 0.5743962925851703 0.5644719251336898 0.018311623246492985 0.022800802139037433
15 0.5882164328657314 0.6372894385026738 0.016748496993987977 0.032052139037433154
15 0.8608667334669339 0.59875 0.02694639278557114 0.03429812834224599
15 0.8938552104208417 0.696711229946524 0.026167334669338675 0.03677139037433155
15 0.9843486973947896 0.7371657754010695 0.02252755511022044 0.03417780748663102
15 0.2578056112224449 0.6060594919786096 0.009934869739478958 0.02664438502673797
15 0.3748972945891783 0.6896624331550801 0.01568386773547094 0.021286764705882352
15 0.029235971943887773 0.8110795454545454 0.011658316633266533 0.020932486631016045
15 0.5674498997995993 0.8389237967914438 0.018061122244488977 0.02162433155080214
