15 0.8780310621242485 0.8871457219251337 0.016440380761523044 0.04921457219251337
15 0.5496442885771543 0.6823295454545455 0.025924348697394788 0.029024064171122996
15 0.5283867735470942 0.7850033422459893 0.024018036072144287 0.07351938502673797
15 0.3259594188376754 0.8361229946524064 0.02272795591182365 0.019979946524064172
15 0.37521793587174346 0.6621122994652406 0.014644288577154309 0.02922794117647059
15 0.2859018036072144 0.6839171122994653 0.025105210420841684 0.023733288770053478
15 0.4941182364729459 0.5088469251336899 0.022745490981963927 0.022396390374331554
15 0.4594564128256513 0.5051403743315508 0.014333667334669339 0.014986631016042782
15 0.5176778557114229 0.3453141711229947 0.015293086172344688 0.017042112299465242
15 0.3445991983967936 0.4431149732620321 0.02193637274549098 0.016233288770053474
15 0.4240105210420842 0.06373663101604278 0.03609719438877755 0.055731951871657755
15 0.18903306613226453 0.07750668449197862 0.018056112224448896 0.023181818181818182
15 0.5220716432865732 0.8547292780748663 0.017712925851703407 0.021875000000000002
