15 0.3073196392785571 0.19100267379679145 0.020984468937875752 0.031828208556149734
15 0.219749498997996 0.5200802139037433 0.01843687374749499 0.036400401069518716
15 0.2995465931863727 0.8110360962566845 0.025425851703406815 0.048546122994652406
15 0.733431863727455 0.6226303475935829 0.025470941883767535 0.0400033422459893
15 0.7849899799599198 0.5704478609625668 0.028647294589178356 0.03426804812834225
15 0.8402780561122244 0.7588569518716578 0.02595691382765531 0.04492647058823529
15 0.776503006012024 0.7092112299465241 0.020240480961923848 0.03199197860962567
15 0.8134669338677355 0.41781751336898393 0.01929108216432866 0.028282085561497326
15 0.49602454909819643 0.4625902406417112 0.022747995991983967 0.029782754010695186
15 0.626189879759519 0.8106116310160427 0.01784569138276553 0.02822192513368984
