15 0.46498246492985973 0.1986096256684492 0.03379008016032064 0.04058155080213904
15 0.561565631262525 0.220822192513369 0.0181062124248497 0.017690508021390373
15 0.5385370741482967 0.2381417112299465 0.014291082164328657 0.01632687165775401
15 0.4868361723446894 0.4741844919786096 0.022352204408817637 0.029725935828877004
15 0.29278557114228454 0.5638235294117647 0.02027805611222445 0.022713903743315507
15 0.2759919839679359 0.6555213903743315 0.017196893787575152 0.02138034759358289
15 0.2338251503006012 0.6326203208556149 0.01499248496993988 0.02411096256684492
15 0.07908316633266532 0.5309458556149732 0.016442885771543087 0.04932152406417112
15 0.14794589178356715 0.42525401069518715 0.018063627254509017 0.02579211229946524
15 0.1494864729458918 0.7207486631016042 0.016450400801603208 0.02190173796791444
15 0.0513627254509018 0.8029512032085561 0.016147294589178355 0.021935160427807486
15 0.2254634268537074 0.8272225935828877 0.02877755511022044 0.028205213903743316
15 0.24079158316633267 0.9226370320855616 0.011325150300601203 0.023348930481283423
15 0.4759068136272545 0.9094251336898396 0.019271042084168338 0.020407754010695188
15 0.8538852705410822 0.8472827540106952 0.03485721442885772 0.029191176470588238
15 0.9102805611222445 0.8287867647058823 0.023274048096192382 0.017245989304812834
15 0.8066558116232465 0.6350233957219251 0.01783817635270541 0.021086229946524065
15 0.7944814629258518 0.6425601604278075 0.021650801603206416 0.03146390374331551
15 0.8058491983967936 0.5391176470588235 0.02678356713426854 0.024963235294117647
15 0.7509193386773547 0.5807085561497326 0.0236998997995992 0.02204545454545454
15 0.6642810621242485 0.38496991978609624 0.011996492985971944 0.01918114973262032
