15 0.2003006012024048 0.1713736631016043 0.021751002004008015 0.02813168449197861
15 0.023191382765531062 0.32182820855614974 0.024556613226452906 0.02347927807486631
15 0.25967434869739475 0.24129010695187167 0.00999248496993988 0.022296122994652404
15 0.3717935871743487 0.07904077540106952 0.010230460921843688 0.020945855614973263
15 0.27602705410821643 0.5190675133689839 0.025125250501002002 0.04876336898395722
15 0.06327655310621243 0.50764371657754 0.01060871743486974 0.014197860962566844
15 0.5420365731462926 0.3764939839572193 0.06961673346693388 0.03736965240641711
15 0.47865981963927856 0.35419786096256684 0.01752755511022044 0.025427807486631017
15 0.5163451903807615 0.6193616310160428 0.013213927855711422 0.017463235294117647
15 0.9898847695390781 0.6683723262032085 0.01974198396793587 0.017536764705882352
15 0.7794038076152305 0.3948262032085561 0.016663326653306613 0.024642379679144386
15 0.4951928857715431 0.12813502673796792 0.009812124248496994 0.019508689839572192
15 0.536690881763527 0.030187165775401068 0.030691382765531062 0.03122660427807487
15 0.7933216432865732 0.03175802139037433 0.011089679358717436 0.01386029411764706
15 0.8867785571142285 0.05918114973262032 0.02498246492985972 0.032289438502673795
