15 0.17013527054108216 0.10327540106951871 0.01284068136272545 0.015090240641711229
15 0.25771543086172344 0.3799866310160428 0.02274298597194389 0.04734625668449198
15 0.17531062124248498 0.3720621657754011 0.01439879759519038 0.017807486631016042
15 0.16427354709418837 0.43398061497326207 0.013572144288577155 0.017463235294117647
15 0.32692885771543084 0.45415106951871653 0.01716182364729459 0.018693181818181817
15 0.5234368737474949 0.3848362299465241 0.01443386773547094 0.017934491978609624
15 0.33384519038076155 0.7247092245989305 0.031728456913827655 0.0435394385026738
15 0.19647294589178357 0.638836898395722 0.01788076152304609 0.0820120320855615
15 0.9402004008016033 0.7223161764705882 0.030097695390781564 0.04754679144385027
15 0.7791933867735471 0.7902205882352942 0.02321142284569138 0.01811163101604278
15 0.929433867735471 0.45346925133689836 0.01222945891783567 0.022219251336898397
