15 0.13678857715430862 0.6104846256684492 0.022677855711422844 0.0254177807486631
15 0.4694113226452906 0.38346256684491975 0.018081162324649302 0.023726604278074864
15 0.567815631262525 0.4495220588235294 0.018604709418837673 0.022149064171122994
15 0.6593562124248498 0.3471724598930481 0.019128256513026052 0.02989639037433155
15 0.948309118236473 0.04184491978609626 0.06582915831663327 0.038252005347593585
15 0.8649173346693386 0.8020153743315508 0.012973446893787575 0.02938168449197861
15 0.8913426853707415 0.8118616310160428 0.015035070140280563 0.032593582887700534
15 0.9797094188376754 0.8715073529411765 0.027054108216432865 0.03467580213903743
15 0.8108692384769538 0.9123796791443851 0.014684368737474949 0.019351604278074867
15 0.8561673346693387 0.951875 0.020177855711422846 0.02509024064171123
15 0.6188627254509018 0.7877072192513369 0.01775300601202405 0.028231951871657755
15 0.6281287575150301 0.4395621657754011 0.019812124248496994 0.026039438502673797
