15 0.704003006012024 0.08028743315508022 0.016107214428857715 0.032205882352941174
15 0.7575450901803606 0.18888368983957218 0.01531813627254509 0.03097593582887701
15 0.9834468937875752 0.47901403743315507 0.03310370741482966 0.06262700534759358
15 0.7512775551102204 0.5376504010695188 0.029436372745490984 0.03428475935828877
15 0.7607164328657315 0.44482286096256685 0.021663326653306614 0.03149732620320855
15 0.8850926853707415 0.6821290106951872 0.026753507014028056 0.026928475935828873
15 0.6112775551102204 0.8302540106951871 0.06035821643286573 0.07766377005347594
15 0.4750050100200401 0.7445153743315509 0.04416332665330661 0.041644385026737965
15 0.44248246492985976 0.9539839572192514 0.023534569138276555 0.044050802139037434
15 0.5445691382765532 0.9333856951871657 0.03353957915831663 0.13322860962566846
