15 0.7350651302605211 0.8210427807486631 0.03480460921843687 0.09344919786096258
15 0.8567184368737475 0.8703208556149733 0.02720691382765531 0.049385026737967914
15 0.926127254509018 0.7217279411764705 0.022019038076152304 0.03942179144385027
15 0.7106588176352705 0.38009358288770057 0.026079659318637274 0.04152072192513369
15 0.5556938877755511 0.4744485294117647 0.027920841683366733 0.0361096256684492
15 0.2238627254509018 0.37836229946524064 0.03085420841683367 0.040033422459893046
15 0.14164579158316634 0.3623863636363636 0.020824148296593185 0.01996657754010695
15 0.353309118236473 0.1461898395721925 0.02251753507014028 0.041183155080213904
15 0.2635771543086172 0.05381350267379679 0.033086172344689385 0.03272727272727273
15 0.2921568136272545 0.7019151069518716 0.020468436873747494 0.029508689839572194
