15 0.12749498997995992 0.5732987967914438 0.22729208416833668 0.3782954545454545
15 0.2762249498997996 0.27955548128342245 0.012918336673346693 0.02587566844919786
15 0.4342009018036072 0.24609291443850265 0.01870991983967936 0.03114639037433155
15 0.45977454909819643 0.2223128342245989 0.017061623246492987 0.017045454545454544
15 0.43172595190380764 0.4193582887700535 0.02035821643286573 0.023726604278074864
15 0.27317384769539077 0.7921657754010695 0.017372244488977954 0.024461898395721923
15 0.36886523046092184 0.7032219251336899 0.017382264529058115 0.02618983957219251
15 0.5487024048096193 0.6317814171122994 0.01410070140280561 0.02594251336898396
15 0.5742760521042085 0.7648663101604278 0.012454909819639278 0.03502005347593583
15 0.7259819639278556 0.8551336898395722 0.017585170340681362 0.021844919786096255
15 0.7758892785571142 0.6905614973262032 0.01841432865731463 0.027286096256684492
15 0.8550826653306612 0.6960661764705883 0.02502254509018036 0.029488636363636366
15 0.9256162324649299 0.7590307486631016 0.02090430861723447 0.01806483957219251
15 0.6940556112224449 0.3902038770053476 0.017086673346693386 0.027052139037433153
15 0.8578882765531062 0.30224933155080214 0.022712925851703408 0.02900066844919786
15 0.8943486973947895 0.24170454545454545 0.01908567134268537 0.031176470588235295
