15 0.010586172344689379 0.48112633689839573 0.018246492985971946 0.03255681818181818
15 0.6949473947895791 0.34489304812834226 0.0330686372745491 0.04151403743315508
15 0.6640455911823647 0.3829979946524064 0.014028056112224449 0.03143716577540107
15 0.7025100200400802 0.4781717914438503 0.012727955911823649 0.025558155080213904
15 0.6601978957915832 0.4721691176470588 0.01780811623246493 0.02190173796791444
15 0.8506362725450901 0.42362633689839574 0.019000501002004008 0.031975267379679144
15 0.8679133266533067 0.14201203208556148 0.015743987975951904 0.02438836898395722
15 0.4270566132264529 0.08629344919786096 0.019245991983967935 0.0345120320855615
15 0.5065305611222445 0.03272058823529412 0.010881763527054108 0.030815508021390374
15 0.4251027054108216 0.3340842245989305 0.015959418837675352 0.03371323529411765
15 0.3508441883767535 0.4249966577540107 0.014516533066132264 0.027660427807486634
15 0.14097695390781562 0.33982620320855617 0.018276553106212422 0.03267379679144385
15 0.11111723446893787 0.3528743315508021 0.018013527054108216 0.023977272727272726
15 0.17377004008016034 0.739408422459893 0.04339428857715431 0.05118983957219251
15 0.5093336673346693 0.6115173796791444 0.014401302605210421 0.025040106951871657
15 0.31100450901803606 0.3917179144385027 0.0317810621242485 0.022436497326203206
15 0.3553381763527054 0.02867312834224599 0.016129759519038077 0.01585895721925134
