15 0.056012024048096194 0.21468248663101605 0.030523547094188374 0.04218248663101604
15 0.35781312625250505 0.27391377005347595 0.020335671342685373 0.025514705882352943
15 0.5001327655310621 0.2497927807486631 0.013331663326653306 0.022857620320855615
15 0.4409468937875751 0.5810728609625668 0.021868737474949898 0.026036096256684495
15 0.3499574148296593 0.61475935828877 0.019266032064128257 0.02177473262032086
15 0.20809118236472948 0.7938870320855614 0.022845691382765532 0.017439839572192514
15 0.3765130260521042 0.796961898395722 0.06862725450901803 0.04990975935828877
15 0.48834669338677356 0.9290374331550801 0.03466432865731463 0.047523395721925134
15 0.4412449899799599 0.9187366310160429 0.014188376753507015 0.01663101604278075
15 0.488937875751503 0.8814839572192513 0.019551603206412825 0.03248997326203208
15 0.4056112224448898 0.9368282085561497 0.015791583166332664 0.01620655080213904
15 0.23756513026052103 0.9361129679144384 0.026064629258517033 0.02621991978609626
15 0.5103156312625251 0.7230381016042781 0.012582665330661321 0.023305481283422462
15 0.5318036072144289 0.8813536096256686 0.01783567134268537 0.018502673796791443
15 0.8743662324649298 0.463860294117647 0.022239478957915833 0.031133021390374334
15 0.9042134268537074 0.3820554812834224 0.019348697394789578 0.034532085561497325
15 0.9744113226452905 0.370471256684492 0.018284068136272542 0.026233288770053473
15 0.6610771543086172 0.26400066844919784 0.012560120240480963 0.01197192513368984
