1 0.17755260521042082 0.4780548128342246 0.03302855711422845 0.04378342245989305
1 0.16232214428857716 0.34669786096256683 0.025413326653306614 0.03335895721925134
0 0.6330135270541082 0.33981951871657756 0.03910320641282565 0.045
0 0.6397545090180361 0.2908155080213904 0.02720691382765531 0.05196858288770054
0 0.5271993987975951 0.19099933155080215 0.04448647294589179 0.04197860962566845
0 0.5520265531062124 0.3495554812834224 0.02180360721442886 0.02552807486631016
1 0.37426853707414826 0.33981951871657756 0.014013026052104208 0.019598930481283423
1 0.3526928857715431 0.18941176470588236 0.01908567134268537 0.02186831550802139
0 0.444624248496994 0.44884358288770054 0.0367059118236473 0.04292446524064172
0 0.5291007014028056 0.4146524064171123 0.021643286573146295 0.020260695187165775
0 0.6164328657314629 0.46852941176470586 0.013559619238476955 0.024725935828877006
0 0.6813176352705411 0.29493983957219255 0.013885270541082165 0.024662433155080217
1 0.589624248496994 0.33547794117647056 0.013241482965931863 0.017690508021390373
0 0.38140531062124244 0.5604010695187166 0.0219438877755511 0.01883355614973262
1 0.9704433867735471 0.6512199197860963 0.021052104208416834 0.027760695187165778