0 0.5378256513026052 0.6896356951871657 0.01624749498997996 0.03347927807486631
1 0.0181938877755511 0.6911163101604278 0.02806613226452906 0.026283422459893048
0 0.0971192384769539 0.5728877005347593 0.021913827655310622 0.023485962566844917
0 0.7262124248496994 0.3040374331550802 0.024992484969939877 0.036082887700534756
0 0.8309168336673347 0.27037767379679145 0.018657314629258518 0.022947860962566843
0 0.9434719438877756 0.34881016042780755 0.014068136272545089 0.020648395721925134
0 0.7358892785571143 0.08101604278074867 0.02150300601202405 0.018429144385026738
0 0.653001002004008 0.2595822192513369 0.05877755511022044 0.031834893048128345
0 0.8869163326653307 0.10716243315508021 0.017712925851703407 0.023308823529411764
0 0.1484418837675351 0.28657085561497325 0.025568637274549097 0.018084893048128343
0 0.0668186372745491 0.14018716577540108 0.01588426853707415 0.02501336898395722
0 0.3792635270541082 0.054110962566844924 0.01723947895791583 0.02564505347593583
0 0.5689203406813628 0.4757486631016043 0.011174849699398798 0.02923128342245989
0 0.6583942885771543 0.3790040106951872 0.022607715430861722 0.015223930481283421
0 0.7182815631262526 0.4817814171122995 0.015473446893787575 0.027754010695187167