0 0.12735971943887775 0.5840942513368984 0.1860871743486974 0.28860294117647056
0 0.3768386773547094 0.5266844919786096 0.0430686372745491 0.04616978609625668
0 0.27583416833667335 0.47143716577540107 0.023785070140280563 0.02328877005347594
0 0.32624749498998 0.3832118983957219 0.031821142284569136 0.03539772727272727
0 0.4041407815631262 0.3448729946524064 0.02058617234468938 0.021574197860962565
0 0.6019514028056112 0.38106617647058827 0.012219438877755512 0.015872326203208557
0 0.6280961923847695 0.48453208556149735 0.011685871743486974 0.020912433155080214
0 0.7357890781563127 0.5570421122994653 0.015801603206412825 0.021176470588235293
0 0.7116983967935872 0.5821657754010695 0.017585170340681362 0.025711898395721928
0 0.871500501002004 0.5248963903743316 0.01742234468937876 0.033071524064171125
0 0.9406513026052103 0.5806183155080215 0.06293336673346693 0.02642379679144385
0 0.7900400801603207 0.7336129679144384 0.01437875751503006 0.018148395721925132
0 0.899251002004008 0.8304110962566845 0.01724699398797595 0.02699532085561497
0 0.7857565130260521 0.8464839572192513 0.014023046092184369 0.02104946524064171
0 0.9218236472945892 0.9231617647058823 0.016713426853707414 0.0296524064171123
0 0.32365981963927853 0.8287466577540107 0.019150801603206414 0.02556483957219251
1 0.2314003006012024 0.8199331550802138 0.014501503006012025 0.021754679144385027
1 0.4304609218436874 0.12984625668449198 0.016127254509018037 0.02768048128342246
1 0.7172319639278557 0.29367647058823526 0.01722695390781563 0.023933823529411764