15 0.050718937875751505 0.5252540106951872 0.02179609218436874 0.03188168449197861
15 0.11451402805611222 0.36130681818181815 0.035187875751503006 0.04301136363636363
15 0.16662324649298596 0.5128743315508021 0.03090931863727455 0.03759358288770054
15 0.2702129258517034 0.35773061497326203 0.02538827655310621 0.023963903743315508
15 0.3015305611222445 0.04602941176470588 0.03948897795591182 0.06384692513368984
15 0.507998496993988 0.07257687165775402 0.01559869739478958 0.017897727272727273
15 0.308935370741483 0.229024064171123 0.022895791583166333 0.024147727272727272
15 0.5425275551102204 0.3663068181818182 0.016137274549098198 0.037774064171122994
15 0.5522520040080161 0.281293449197861 0.012747995991983969 0.012499999999999999
15 0.6375526052104209 0.347850935828877 0.013469438877755513 0.01990975935828877
15 0.41404308617234464 0.7548061497326204 0.023261523046092185 0.02054144385026738
15 0.4167209418837675 0.6645588235294118 0.01433867735470942 0.024792780748663104
15 0.6369288577154308 0.5950267379679144 0.023642284569138274 0.030481283422459895
15 0.5031788577154309 0.7951704545454545 0.014526553106212425 0.023175133689839575
