15 0.12310871743486973 0.6501002673796791 0.02557364729458918 0.07935494652406418
15 0.35848947895791583 0.4670254010695187 0.018967935871743488 0.027162433155080212
15 0.2844689378757515 0.3930280748663102 0.022334669338677355 0.03356951871657754
15 0.3077980961923848 0.4889839572192513 0.013056112224448897 0.023472593582887703
15 0.30460170340681364 0.5705447860962567 0.01341683366733467 0.01803475935828877
15 0.4926678356713427 0.5680514705882352 0.018259018036072144 0.024629010695187165
15 0.4244338677354709 0.6595053475935829 0.024519038076152303 0.029973262032085564
15 0.336187374749499 0.8353810160427808 0.022582665330661323 0.02401403743315508
15 0.1685571142284569 0.9783923796791444 0.014245991983967934 0.017954545454545456
15 0.6439629258517033 0.8580614973262033 0.017069138276553108 0.020484625668449198
15 0.33692885771543085 0.6627339572192513 0.020180360721442886 0.016336898395721926
