0 0.4909468937875751 0.4148295454545455 0.034994989979959916 0.043606283422459896
1 0.5791558116232465 0.43353275401069524 0.021573146292585173 0.018385695187165776
0 0.5611623246492986 0.45415106951871653 0.015834168336673348 0.02065508021390374
1 0.5020290581162324 0.695658422459893 0.02065380761523046 0.024923128342245988
0 0.01283066132264529 0.5938335561497327 0.02566132264529058 0.04261697860962567
0 0.08776553106212426 0.28009024064171123 0.018592184368737476 0.02467580213903743
0 0.0770190380761523 0.6779244652406416 0.021660821643286574 0.02400735294117647
0 0.09973947895791584 0.7396925133689839 0.019205911823647295 0.04595254010695188
0 0.16751753507014028 0.640437834224599 0.01721693386773547 0.029321524064171125
0 0.30806613226452906 0.7737366310160427 0.01093687374749499 0.020641711229946524
0 0.2490380761523046 0.8426704545454545 0.0169188376753507 0.02415106951871658
1 0.29486222444889776 0.8658188502673797 0.012778056112224448 0.02293114973262032
1 0.3334744488977956 0.8522994652406417 0.013857715430861723 0.017189171122994652
1 0.15945891783567132 0.9226671122994652 0.019519038076152306 0.013733288770053477
1 0.8082339679358717 0.837139037433155 0.019278557114228455 0.03316510695187166
0 0.7978707414829659 0.8487132352941176 0.015440881763527054 0.018211898395721925
1 0.7498196392785572 0.7862332887700534 0.02249749498997996 0.02433489304812834
0 0.805931863727455 0.7480247326203209 0.019278557114228455 0.01674131016042781
0 0.673061122244489 0.5960227272727272 0.02248997995991984 0.025695187165775398
0 0.9801002004008016 0.47197860962566845 0.016380260521042085 0.029949866310160427
0 0.6952254509018037 0.8052673796791444 0.012327154308617234 0.012362967914438503
0 0.6893662324649298 0.8382987967914439 0.00847444889779559 0.016313502673796793
0 0.9047294589178356 0.28289104278074867 0.01628256513026052 0.014796122994652407