0 0.05186122244488978 0.5284057486631016 0.033527054108216436 0.03412098930481283
0 0.7448647294589178 0.4708355614973262 0.013567134268537073 0.015457887700534759
0 0.7474849699398798 0.531798128342246 0.011187374749498998 0.014338235294117646
0 0.7805460921843688 0.5762299465240641 0.015573647294589179 0.015752005347593585
0 0.8732014028056113 0.5651704545454546 0.010343186372745491 0.020073529411764705
0 0.8792985971943887 0.7193248663101603 0.01339178356713427 0.018225267379679146
0 0.7438652304609219 0.7100434491978609 0.022239478957915833 0.02406751336898396
1 0.9375125250501003 0.17072192513368983 0.017282064128256513 0.018258689839572195
1 0.9793386773547094 0.48802807486631017 0.01530811623246493 0.014251336898395722
1 0.5602179358717434 0.5566811497326203 0.017319639278557113 0.01427807486631016
0 0.35082915831663325 0.5117078877005348 0.018176352705410823 0.026310160427807486