0 0.1559318637274549 0.13457553475935827 0.01533567134268537 0.01658756684491979
0 0.024889779559118235 0.23453542780748662 0.015844188376753505 0.017683823529411762
1 0.08855210420841683 0.5033054812834225 0.011380260521042084 0.011620989304812835
0 0.11233466933867735 0.45239973262032085 0.015340681362725452 0.010280748663101604
0 0.2981137274549098 0.6319886363636363 0.013156312625250502 0.016229946524064173
0 0.5192785571142284 0.5853810160427808 0.020160320641282568 0.023485962566844917
0 0.5205160320641283 0.6488469251336898 0.014709418837675351 0.023509358288770054
1 0.5073697394789579 0.6913469251336899 0.013183867735470943 0.01795120320855615
1 0.9591282565130261 0.702466577540107 0.013987975951903809 0.026821524064171123
0 0.8745916833667334 0.7829311497326203 0.019772044088176354 0.020584893048128345
0 0.7559118236472946 0.6023061497326203 0.010310621242484969 0.017065508021390376
0 0.8491983967935872 0.38377673796791445 0.016655811623246492 0.0247894385026738
0 0.8791157314629258 0.42244318181818186 0.018071142284569137 0.0229177807486631