15 0.1100250501002004 0.3006985294117647 0.01718937875751503 0.0303475935828877
15 0.6886172344689379 0.1400802139037433 0.06803857715430862 0.06989639037433155
15 0.6921342685370742 0.2261697860962567 0.04212925851703407 0.03512700534759358
15 0.6367960921843687 0.2946524064171123 0.041267535070140283 0.2508389037433155
15 0.6623622244488978 0.46692847593582887 0.021022044088176352 0.027663770053475936
15 0.8278582164328657 0.3366477272727273 0.021209919839679358 0.036313502673796794
15 0.7871067134268538 0.3535862299465241 0.01691633266533066 0.03220254010695187
15 0.8777029058116232 0.456052807486631 0.01932615230460922 0.03796122994652407
15 0.8614879759519037 0.6001871657754011 0.020871743486973945 0.03366310160427807
15 0.31623496993987976 0.5816610962566845 0.015087675350701402 0.019127673796791443
15 0.29015531062124245 0.47802473262032086 0.013927855711422845 0.022182486631016043
15 0.23816633266533066 0.9067145721925133 0.014731963927855711 0.029592245989304815
15 0.4177805611222445 0.8067914438502674 0.01602705410821643 0.01903409090909091
15 0.4111723446893788 0.9477072192513369 0.017647795591182364 0.03115307486631016
