1 0.44831412825651307 0.7711864973262031 0.024832164328657313 0.025678475935828875
0 0.2831738476953908 0.6701838235294117 0.030420841683366732 0.03799131016042781
0 0.24020791583166332 0.6420822192513369 0.018552104208416836 0.026323529411764707
0 0.3927680360721443 0.46069184491978615 0.04203907815631262 0.046263368983957213
0 0.41591182364729457 0.6476504010695187 0.03356462925851704 0.036072860962566844
0 0.12591933867735472 0.4391143048128342 0.01632264529058116 0.026768048128342246
0 0.3898321643286573 0.1512399732620321 0.025738977955911825 0.029963235294117648
0 0.24542334669338678 0.06309157754010696 0.033604709418837676 0.05308823529411765
0 0.28336923847695394 0.021086229946524065 0.023512024048096193 0.02734959893048128
1 0.1659493987975952 0.015882352941176472 0.029832164328657314 0.031764705882352945
0 0.04592434869739479 0.06780414438502674 0.03157064128256513 0.0400701871657754
0 0.039862224448897796 0.1076470588235294 0.026745991983967935 0.019552139037433153
0 0.1154884769539078 0.20508689839572192 0.018930360721442885 0.028292112299465242
0 0.0517935871743487 0.22657419786096256 0.032875751503006014 0.016641042780748662
0 0.11744488977955911 0.05945187165775401 0.015020040080160321 0.015010026737967913
1 0.2660270541082164 0.15288770053475936 0.01907565130260521 0.019572192513368985
1 0.4977805611222445 0.19057486631016043 0.015285571142284569 0.022352941176470586
0 0.939807114228457 0.1381216577540107 0.07072895791583167 0.07331550802139038