0 0.025215430861723447 0.6366176470588235 0.009276052104208418 0.0132653743315508
0 0.005458416833667335 0.7925467914438503 0.010914328657314629 0.01777072192513369
0 0.06094689378757515 0.8531517379679144 0.011437875751503006 0.0177072192513369
1 0.1699624248496994 0.6984324866310161 0.012166833667334669 0.01772058823529412
0 0.11788827655310621 0.946370320855615 0.007264529058116233 0.06475601604278075
0 0.31798346693386775 0.9777807486631016 0.06408316633266532 0.03627339572192513
0 0.25673096192384764 0.9526838235294117 0.016801102204408815 0.02720254010695187
1 0.28372745490981965 0.7516310160427808 0.008629759519038077 0.01887366310160428
0 0.3340080160320641 0.6515975935828877 0.03605961923847695 0.02022727272727273
0 0.4288877755511022 0.6407052139037434 0.017394789579158316 0.019351604278074867
0 0.5928431863727455 0.6445922459893048 0.015691382765531062 0.015280748663101603
1 0.8163201402805611 0.9012867647058824 0.011841182364729459 0.031741310160427805
1 0.8439103206412826 0.8183322192513368 0.01217184368737475 0.016373663101604277
0 0.7950325651302605 0.7599966577540106 0.015235470941883768 0.0223629679144385
0 0.6861798597194388 0.6853308823529413 0.020060120240480962 0.020788770053475937
1 0.7191232464929859 0.6209124331550802 0.01281312625250501 0.015310828877005349
0 0.36538326653306613 0.4731617647058824 0.011968937875751503 0.017065508021390376
0 0.9320315631262526 0.2988235294117647 0.015771543086172346 0.022262700534759358
0 0.7824949899799599 0.2828342245989305 0.015756513026052105 0.019385026737967916
0 0.9046067134268537 0.13613302139037434 0.01185120240480962 0.018004679144385027
1 0.8579483967935871 0.22152740641711227 0.010475951903807615 0.025010026737967914
0 0.5063276553106213 0.34731617647058827 0.014258517034068137 0.013549465240641712