15 0.07562374749498997 0.43519050802139037 0.023339178356713428 0.03424465240641711
15 0.0948196392785571 0.14760360962566846 0.05792334669338677 0.03984959893048128
15 0.2619488977955912 0.1557520053475936 0.033036072144288574 0.01720254010695187
15 0.23934118236472948 0.19385695187165775 0.01954909819639279 0.025685160427807486
15 0.31993236472945896 0.1261163101604278 0.02970941883767535 0.034124331550802134
15 0.22982214428857717 0.040267379679144386 0.03121743486973948 0.03767045454545454
15 0.6984493987975952 0.06938502673796791 0.03419088176352705 0.037489973262032086
15 0.48166583166332666 0.15236631016042781 0.021951402805611222 0.03455882352941177
15 0.44819388777555114 0.20550133689839573 0.01591933867735471 0.023572860962566847
15 0.4342334669338677 0.3119819518716578 0.024802104208416834 0.03504344919786096
15 0.582244488977956 0.41221925133689835 0.023865230460921844 0.027249331550802138
15 0.6610120240480962 0.48419451871657754 0.03926352705410822 0.03574532085561497
15 0.8483667334669338 0.7701938502673797 0.023101202404809618 0.043897058823529414
15 0.6349148296593187 0.546326871657754 0.02006513026052104 0.036403743315508025
15 0.6212700400801604 0.25831885026737966 0.01562124248496994 0.02591911764705882
