15 0.9496017034068136 0.5910929144385026 0.01997745490981964 0.037637032085561496
15 0.8311973947895791 0.7334893048128341 0.026645791583166333 0.025307486631016042
15 0.2652454909819639 0.38504679144385023 0.01712424849699399 0.033596256684491975
15 0.21643537074148297 0.3745187165775401 0.014519038076152305 0.022446524064171122
15 0.22450901803607215 0.339725935828877 0.011365230460921843 0.020203877005347596
15 0.12828156312625252 0.3100066844919786 0.016367735470941884 0.02019385026737968
15 0.13486973947895792 0.24685494652406417 0.016182364729458918 0.022647058823529412
15 0.41650050100200403 0.05096256684491978 0.015283066132264529 0.023064839572192516
15 0.12150801603206413 0.6219251336898396 0.013211422845691384 0.02799131016042781
15 0.09821643286573147 0.6236564171122995 0.017106713426853708 0.029475267379679145
15 0.04485971943887776 0.5982720588235294 0.021740981963927857 0.028228609625668446
15 0.0300125250501002 0.6700902406417113 0.014316132264529057 0.023302139037433153
15 0.0555310621242485 0.9775501336898396 0.020814128256513027 0.030106951871657753
15 0.09283567134268537 0.5216243315508021 0.024158316633266532 0.035381016042780745
