15 0.01122995991983968 0.15721590909090907 0.02245991983967936 0.03634358288770053
15 0.3750250501002004 0.2966677807486631 0.06899549098196393 0.06031751336898396
15 0.5054158316633266 0.5219385026737968 0.025127755511022046 0.02309826203208556
15 0.36806362725450903 0.5147426470588234 0.020225450901803606 0.027443181818181818
15 0.4936923847695391 0.5896958556149732 0.019736973947895795 0.03148729946524064
15 0.36022795591182366 0.727389705882353 0.029626753507014027 0.0539605614973262
15 0.40743236472945893 0.7549933155080214 0.021733466933867737 0.022182486631016043
15 0.7561047094188377 0.7288937165775401 0.01901052104208417 0.034217914438502674
15 0.8954458917835671 0.15094251336898395 0.03992985971943888 0.045207219251336896
15 0.981620741482966 0.2591042780748663 0.036761022044088175 0.05143716577540107
15 0.13440380761523046 0.30321524064171124 0.02473196392785571 0.03114304812834225
