15 0.23064879759519039 0.8703643048128342 0.022347194388777553 0.050698529411764705
15 0.15386523046092185 0.7957152406417113 0.01976703406813627 0.016781417112299465
15 0.19538827655310623 0.778201871657754 0.01908567134268537 0.02204211229946524
15 0.20937124248496994 0.4286831550802139 0.0168562124248497 0.02259692513368984
15 0.32630761523046087 0.19227272727272726 0.021500501002004006 0.025939171122994653
15 0.3679183366733467 0.23955548128342247 0.015498496993987976 0.016112967914438503
15 0.37504008016032064 0.22203877005347594 0.013269038076152304 0.021370320855614973
15 0.39005260521042084 0.18288770053475936 0.015844188376753505 0.02181483957219251
15 0.567560120240481 0.11133355614973263 0.012602705410821645 0.025220588235294116
15 0.6109719438877755 0.08099598930481283 0.032166833667334666 0.01948529411764706
15 0.2226703406813627 0.07859291443850268 0.015999498997995992 0.02200534759358289
15 0.9047269539078157 0.09782419786096257 0.02121492985971944 0.029338235294117648
15 0.9337249498997996 0.8889070855614973 0.02156312625250501 0.018191844919786097
15 0.8828507014028056 0.9320655080213903 0.013491983967935871 0.02118649732620321
15 0.6004183366733467 0.5103108288770053 0.034396292585170345 0.035678475935828874
15 0.6300175350701404 0.2452807486631016 0.0249624248496994 0.02756350267379679
15 0.43089178356713426 0.6456283422459893 0.023399298597194387 0.0261129679144385
15 0.4940355711422846 0.9233656417112299 0.013795090180360722 0.02484625668449198
15 0.6008466933867735 0.926457219251337 0.014664328657314629 0.016373663101604277
15 0.20551102204408817 0.4679512032085561 0.015996993987975952 0.015053475935828876
