15 0.7115330661322645 0.32176136363636365 0.020954408817635273 0.02664104278074866
15 0.9285095190380762 0.38998328877005345 0.02845190380761523 0.05019385026737968
15 0.474809619238477 0.8640140374331551 0.01345691382765531 0.024344919786096257
15 0.5387700400801603 0.7283255347593584 0.025167835671342686 0.020905748663101603
15 0.41169839679358716 0.5310026737967914 0.011335170340681362 0.022149064171122994
15 0.21968436873747496 0.551798128342246 0.013148797595190382 0.020086898395721926
15 0.10791583166332666 0.5967780748663102 0.020894288577154307 0.024244652406417114
15 0.04988226452905811 0.5346724598930481 0.019899799599198395 0.020454545454545454
15 0.7522895791583166 0.5316610962566845 0.01560120240480962 0.02459558823529412
15 0.7712600200400801 0.6132453208556149 0.024205911823647293 0.0496557486631016
15 0.2590931863727455 0.23998997326203206 0.012161823647294588 0.017399732620320855
15 0.2532565130260521 0.4253676470588235 0.010864228456913826 0.02130347593582888
15 0.05889028056112224 0.32294451871657753 0.017885771543086175 0.022129010695187162
15 0.1358316633266533 0.12668783422459892 0.013168837675350702 0.015254010695187167
