0 0.11528807615230462 0.4753475935828877 0.028857715430861724 0.053165106951871655
0 0.2257239478957916 0.3855080213903743 0.037637775551102204 0.04059491978609626
1 0.2544263527054108 0.3516577540106952 0.019894789579158318 0.021915106951871655
1 0.1935746492985972 0.21167446524064173 0.026778557114228458 0.020471256684491977
0 0.14169589178356712 0.2555514705882353 0.019884769539078154 0.03023729946524064
0 0.14629008016032063 0.050798796791443855 0.019048096192384772 0.03294451871657754
0 0.6774699398797596 0.18632352941176472 0.023512024048096193 0.03663770053475936
0 0.6704584168336672 0.13953877005347592 0.016087174348697393 0.022309491978609625
0 0.8657214428857716 0.07305147058823529 0.03310120240480961 0.047383021390374334
0 0.4554809619238477 0.043659759358288766 0.02035320641282565 0.031300133689839575
0 0.24528807615230463 0.07657419786096258 0.024952404809619237 0.024926470588235293
0 0.6410921843687374 0.8429244652406418 0.03027054108216433 0.05773395721925134