0 0.14507765531062122 0.47066844919786094 0.018562124248496993 0.028739973262032086
1 0.17685370741482967 0.38143048128342244 0.016099699398797594 0.024127673796791444
1 0.24989228456913828 0.4511463903743315 0.014714428857715432 0.014859625668449198
1 0.27588176352705407 0.27452874331550803 0.015253006012024048 0.027663770053475936
0 0.7490480961923848 0.4193282085561498 0.018514529058116232 0.025571524064171125
0 0.7529058116232464 0.45851270053475934 0.010799098196392786 0.01586229946524064
0 0.7890781563126252 0.5045621657754011 0.014554108216432866 0.026747994652406418
0 0.8320465931863728 0.49577205882352937 0.04304859719438878 0.050631684491978614
0 0.35191132264529057 0.3542580213903743 0.012990981963927856 0.018973930481283423
0 0.5134744488977956 0.4505046791443851 0.014616733466933868 0.01815173796791444
0 0.38165330661322644 0.5993114973262033 0.012457414829659319 0.01949532085561497
0 0.5207089178356714 0.6693883689839571 0.03337174348697395 0.02238302139037433
1 0.6986147294589178 0.5047794117647059 0.020528557114228456 0.016885026737967917
1 0.9414729458917837 0.3729110962566845 0.016345190380761522 0.02432486631016043