0 0.37381763527054107 0.9832286096256685 0.03680861723446894 0.033539438502673796
0 0.486375250501002 0.7661864973262031 0.036265030060120246 0.045140374331550805
0 0.3960871743486974 0.6804979946524065 0.03310120240480961 0.043125000000000004
0 0.304313627254509 0.6328241978609626 0.025480961923847696 0.022055481283422457
0 0.2964253507014028 0.6881751336898395 0.024554108216432866 0.027774064171122992
0 0.4474023046092184 0.46640374331550805 0.032547595190380765 0.02793783422459893
0 0.36973446893787576 0.050845588235294115 0.022705410821643287 0.03669451871657754
0 0.013284068136272545 0.28809491978609625 0.02656563126252505 0.027867647058823528
0 0.1878582164328657 0.2706350267379679 0.022685370741482965 0.030584893048128343
0 0.7484268537074148 0.5130848930481283 0.02441382765531062 0.03612633689839572
0 0.6101628256513026 0.47259358288770054 0.02254258517034068 0.030414438502673797