1 0.45191633266533066 0.14331216577540107 0.01969438877755511 0.03466911764705882
0 0.37216933867735474 0.3366243315508021 0.011608216432865732 0.021133021390374332
1 0.5229233466933868 0.5417346256684492 0.01994238476953908 0.026036096256684495
0 0.6252129258517034 0.5344151069518717 0.01910821643286573 0.01654077540106952
0 0.47916082164328655 0.8722092245989305 0.023068637274549098 0.025614973262032086
1 0.46457164328657313 0.9661564171122994 0.01125250501002004 0.02436497326203209
0 0.3079734468937876 0.7917747326203208 0.03751753507014028 0.025584893048128343
0 0.1698822645290581 0.8481617647058823 0.04582915831663326 0.0495788770053476
0 0.10568637274549098 0.9343850267379679 0.023522044088176354 0.018726604278074866
1 0.918627254509018 0.3742947860962567 0.016693386773547095 0.02184157754010695
1 0.6859569138276553 0.41716911764705883 0.014258517034068137 0.021377005347593583