15 0.23255010020040082 0.09944518716577541 0.018341683366733467 0.02343917112299465
15 0.4388852705410822 0.13069184491978608 0.022998496993987975 0.022830882352941177
15 0.1543061122244489 0.7028542780748663 0.019493987975951903 0.021493983957219253
15 0.056355210420841684 0.7088870320855615 0.01832414829659319 0.01870989304812834
15 0.08910320641282565 0.7362667112299465 0.018905310621242486 0.02274398395721925
15 0.15349448897795592 0.8809725935828877 0.014160821643286574 0.028830213903743317
15 0.28216432865731467 0.9524364973262033 0.039674348697394786 0.03442847593582888
15 0.5245490981963928 0.9140775401069519 0.03019539078156313 0.05544786096256685
15 0.3355435871743487 0.7597025401069519 0.017540080160320642 0.02383355614973262
15 0.364814629258517 0.6592346256684493 0.02044088176352705 0.022095588235294117
15 0.27115230460921846 0.6933422459893048 0.017650300601202405 0.02349933155080214
15 0.3254008016032064 0.6730782085561497 0.015801603206412825 0.023803475935828877
15 0.7458942885771543 0.652663770053476 0.036129759519038074 0.03369318181818182
15 0.7824649298597194 0.6269050802139038 0.01283316633266533 0.02177473262032086
15 0.7451978957915831 0.5067947860962566 0.028246492985971944 0.0190975935828877
15 0.4075726452905812 0.459254679144385 0.02342935871743487 0.021754679144385027
15 0.3589428857715431 0.335274064171123 0.010556112224448898 0.02371657754010695
15 0.9275200400801603 0.9914271390374331 0.03495490981963928 0.017145721925133688
15 0.7145791583166332 0.7627172459893049 0.022645290581162325 0.01872994652406417
15 0.6675150300601201 0.650187165775401 0.010122745490981962 0.02255681818181818
15 0.5878281563126253 0.5560795454545454 0.017660320641282565 0.019926470588235292
15 0.3875275551102204 0.24149732620320855 0.013016032064128257 0.022981283422459895
15 0.28621743486973944 0.2529445187165775 0.016252505010020037 0.01865307486631016
