15 0.09188877755511021 0.7904244652406417 0.015258016032064127 0.025093582887700534
15 0.391563126252505 0.5894217914438502 0.015606212424849698 0.022690508021390374
15 0.1658942885771543 0.29315508021390374 0.014789579158316633 0.024481951871657755
15 0.369749498997996 0.1769385026737968 0.016397795591182363 0.02401403743315508
15 0.3749849699398798 0.28606617647058824 0.015445891783567133 0.03230949197860963
15 0.6120716432865732 0.015581550802139037 0.05734468937875751 0.03116644385026738
15 0.5110971943887775 0.19080882352941175 0.041017034068136275 0.07038101604278076
15 0.4691382765531062 0.13280080213903742 0.01593186372745491 0.02547794117647059
15 0.18517034068136273 0.14962901069518716 0.01907565130260521 0.023579545454545454
15 0.14693637274549098 0.2434090909090909 0.016217434869739478 0.01811163101604278
15 0.2700425851703407 0.35380681818181814 0.017497494989979958 0.015401069518716577
