0 0.24438627254509018 0.03197860962566845 0.01932114228456914 0.024308155080213906
0 0.4763326653306613 0.022002005347593584 0.013557114228456913 0.01851270053475936
0 0.36373496993987975 0.14064505347593584 0.012099198396793586 0.017754010695187165
0 0.08362725450901803 0.15994986631016042 0.02376503006012024 0.03063168449197861
0 0.08417835671342686 0.40106951871657753 0.013692384769539077 0.020447860962566844
0 0.03300100200400802 0.7433054812834224 0.015195390781563125 0.018258689839572195
0 0.06076152304609218 0.766042780748663 0.02342685370741483 0.03157085561497326
0 0.2182364729458918 0.5676637700534759 0.02031312625250501 0.024535427807486628
0 0.285874248496994 0.5117446524064172 0.013712424849699398 0.02033756684491979
0 0.5370115230460922 0.5599331550802139 0.03193887775551102 0.05237299465240641
1 0.48166082164328655 0.42674799465240637 0.018602204408817637 0.0247894385026738
0 0.7708742484969939 0.6867680481283422 0.026745991983967935 0.021487299465240643
1 0.5330711422845691 0.9753308823529412 0.030546092184368736 0.043098262032085555
1 0.3322995991983968 0.8074197860962568 0.01939879759519038 0.021530748663101604
0 0.3405310621242485 0.6989104278074866 0.019168336673346692 0.01731283422459893
0 0.364814629258517 0.6105882352941177 0.015809118236472946 0.01759024064171123
0 0.25967685370741483 0.73139371657754 0.015102705410821643 0.020421122994652405
0 0.29288827655310623 0.6939605614973262 0.010120240480961924 0.014836229946524065
0 0.29080160320641285 0.7542847593582889 0.014293587174348699 0.017954545454545456
0 0.27184869739478956 0.7676671122994653 0.011625751503006012 0.011306818181818182
1 0.18415581162324648 0.9390541443850268 0.014283567134268538 0.021273395721925135
0 0.136688376753507 0.9319385026737969 0.013003507014028056 0.023125
1 0.2352179358717435 0.6052506684491978 0.015330661322645291 0.014338235294117646
0 0.14103456913827656 0.6955080213903744 0.017061623246492987 0.01793114973262032
0 0.2616482965931864 0.4849064171122994 0.008842685370741482 0.013676470588235295
1 0.46235971943887777 0.7830581550802138 0.014311122244488978 0.016109625668449198
1 0.4778932865731463 0.7576871657754011 0.011067134268537074 0.011149732620320856
0 0.584188376753507 0.8766410427807486 0.014090681362725451 0.017690508021390373
0 0.7306638276553106 0.3643181818181818 0.03692635270541082 0.03580213903743316
0 0.978188877755511 0.32017379679144387 0.010836673346693386 0.022433155080213905
0 0.9307940881763527 0.3343081550802139 0.016197394789579156 0.019866310160427808