1 0.28739729458917834 0.4308856951871658 0.015215430861723448 0.01828542780748663
1 0.30567885771543085 0.6174498663101604 0.017277054108216432 0.027309491978609622
0 0.44559368737474947 0.9853041443850268 0.014947394789579158 0.012827540106951873
1 0.5420691382765531 0.7658422459893048 0.012239478957915832 0.021136363636363637
1 0.5209268537074149 0.7119017379679146 0.010112725450901803 0.012182486631016044
0 0.44536573146292585 0.6393883689839572 0.010370741482965932 0.01279077540106952
1 0.6518461923847696 0.4704645721925134 0.014504008016032063 0.025992647058823527
0 0.6710220440881763 0.3184725935828877 0.0163001002004008 0.014669117647058824
0 0.7079358717434869 0.27634692513368986 0.021648296593186372 0.015598262032085562
0 0.8765856713426854 0.08037767379679145 0.0055185370741482965 0.00966577540106952
0 0.4516558116232465 0.18219919786096256 0.013481963927855712 0.022964572192513365
0 0.6380511022044087 0.6280381016042781 0.017001503006012025 0.01748663101604278