0 0.6312725450901804 0.39587232620320856 0.036946392785571144 0.05530080213903744
0 0.39565380761523045 0.5026336898395722 0.015901803607214427 0.02277072192513369
0 0.28581412825651303 0.567961229946524 0.03487725450901803 0.04776737967914438
0 0.3116457915831663 0.6826838235294117 0.017114228456913825 0.028268716577540105
0 0.3696192384769539 0.7097393048128342 0.02457915831663327 0.03027072192513369
0 0.5274649298597194 0.7685494652406417 0.012660320641282564 0.024862967914438504
0 0.5335671342685371 0.8363168449197862 0.019441382765531062 0.028689839572192514
0 0.8080986973947896 0.7867012032085561 0.020678857715430862 0.042352941176470586
0 0.8346092184368739 0.8917446524064171 0.020546092184368737 0.02230614973262032
0 0.9355035070140281 0.9379812834224599 0.0357439879759519 0.04386029411764705
0 0.9518436873747496 0.6623830213903743 0.020693887775551104 0.026744652406417112
0 0.8718336673346694 0.6684458556149733 0.023399298597194387 0.027289438502673798
0 0.22167835671342687 0.8047058823529412 0.015090180360721444 0.0175701871657754