0 0.8995365731462925 0.43854946524064176 0.021029559118236472 0.0302807486631016
1 0.8897570140280561 0.6903409090909091 0.025543587174348698 0.03204879679144385
0 0.48773547094188374 0.5216978609625669 0.025876753507014027 0.027971256684491977
0 0.5104909819639278 0.4560294117647059 0.029266032064128256 0.023763368983957218
1 0.3604784569138276 0.4429812834224599 0.022104208416833665 0.02977941176470588
0 0.38247995991983963 0.43971925133689843 0.01813877755511022 0.01790106951871658
0 0.3767134268537074 0.48363636363636364 0.026665831663326655 0.018753342245989305
1 0.23077655310621242 0.4098529411764706 0.02191633266533066 0.022406417112299466
0 0.34405310621242485 0.1674298128342246 0.017337174348697394 0.02197860962566845
1 0.11342434869739479 0.07901069518716577 0.03348697394789579 0.03650066844919786
0 0.16050350701402807 0.0598562834224599 0.023336673346693385 0.026286764705882353
0 0.06603206412825652 0.34343582887700536 0.017935871743486972 0.03141711229946524
0 0.34286322645290584 0.6587232620320856 0.025989478957915833 0.0584725935828877
0 0.3921993987975952 0.6942713903743316 0.026370240480961923 0.02920788770053476
0 0.31020290581162324 0.7294886363636364 0.024857214428857716 0.02737967914438503