1 0.9347620240480963 0.86875 0.02973947895791583 0.03891711229946524
0 0.7514028056112224 0.40321189839572197 0.012768036072144289 0.02206885026737968
0 0.5659043086172345 0.3043883689839572 0.021492985971943886 0.01488970588235294
0 0.5147795591182365 0.11353275401069518 0.014884769539078156 0.02743649732620321
0 0.3546192384769539 0.2527172459893048 0.013977955911823646 0.0253475935828877
0 0.30911573146292587 0.5525167112299466 0.031818637274549096 0.04261363636363636
0 0.3920941883767535 0.6234792780748664 0.02647294589178357 0.034060828877005345
1 0.23300601202404808 0.5668048128342247 0.018068637274549097 0.023559491978609622
0 0.11835170340681363 0.5415641711229946 0.01716432865731463 0.016885026737967917
0 0.07507765531062124 0.5748997326203208 0.01626753507014028 0.01689505347593583
0 0.15761022044088174 0.8150568181818182 0.04572144288577155 0.07246991978609627
1 0.3164303607214429 0.8842279411764706 0.020754008016032062 0.022252673796791442