0 0.09614729458917835 0.2038970588235294 0.007109218436873747 0.011814839572192514
0 0.190811623246493 0.21451203208556152 0.011114729458917835 0.015628342245989305
0 0.0855435871743487 0.35672794117647055 0.012001503006012023 0.02406417112299465
0 0.308186372745491 0.2352105614973262 0.012903306613226452 0.01697860962566845
0 0.340122745490982 0.2241644385026738 0.01347695390781563 0.014037433155080214
0 0.39208416833667337 0.25279077540106953 0.01641783567134269 0.014481951871657753
1 0.415373246492986 0.3052573529411765 0.01062875751503006 0.015157085561497327
0 0.47055861723446896 0.12739304812834226 0.015285571142284569 0.018135026737967914
1 0.40856212424849697 0.15134024064171123 0.00875250501002004 0.009435160427807487
0 0.47900050100200403 0.07895387700534759 0.01063627254509018 0.01702874331550802
1 0.6113527054108217 0.04635360962566845 0.02247745490981964 0.02343917112299465
1 0.6507089178356714 0.028328877005347596 0.008384268537074148 0.017406417112299465
0 0.6168311623246493 0.11815842245989304 0.0066232464929859725 0.016042780748663103
1 0.7386723446893788 0.19063836898395722 0.006089679358717435 0.012613636363636365
0 0.8648822645290581 0.2748663101604278 0.011107214428857716 0.016721256684491977
1 0.34939378757515027 0.3639639037433155 0.017194388777555112 0.021497326203208555
0 0.28334168336673343 0.6410060160427807 0.016673346693386774 0.03134358288770053
0 0.3258491983967936 0.5923061497326203 0.016986472945891784 0.032697192513368986
0 0.4084544088176353 0.559725935828877 0.027582665330661324 0.027884358288770054
0 0.15365230460921844 0.7013937165775401 0.013885270541082165 0.02154411764705882
0 0.34821142284569134 0.7627807486631015 0.016475450901803607 0.02362633689839572
0 0.3628607214428858 0.8197125668449198 0.016991482965931864 0.02227606951871658
0 0.42541583166332664 0.8028409090909091 0.016277555110220443 0.0203475935828877
1 0.0901002004008016 0.8710327540106952 0.04084919839679359 0.024314839572192513
1 0.021147294589178356 0.8527372994652406 0.020859218436873748 0.02248663101604278
0 0.022379759519038075 0.8734458556149732 0.023326653306613227 0.03265374331550802
0 0.2587424849699399 0.9334458556149732 0.010661322645290582 0.02429812834224599
0 0.46531563126252506 0.9536664438502673 0.020839178356713426 0.03698863636363636
0 0.8159168336673346 0.8284491978609625 0.021395290581162324 0.025899064171122994
1 0.5910295591182364 0.7196122994652406 0.02216182364729459 0.02241644385026738
0 0.04181112224448898 0.5909224598930481 0.015829158316633268 0.03357954545454545
0 0.023527054108216434 0.6495588235294117 0.027462424849699397 0.02445187165775401