0 0.5915130260521042 0.6753676470588236 0.03363226452905811 0.044441844919786096
1 0.38828657314629256 0.5382653743315507 0.019792084168336676 0.023125
1 0.21919088176352705 0.5934057486631016 0.027953406813627256 0.022015374331550805
1 0.21227955911823645 0.6708489304812835 0.016387775551102206 0.030892379679144388
0 0.007274549098196393 0.42544451871657757 0.014546593186372745 0.03982954545454546
1 0.5532239478957915 0.36522058823529413 0.02136022044088176 0.017225935828877006
0 0.6054759519038077 0.5265040106951872 0.014173346693386773 0.022179144385026738
0 0.572191883767535 0.2757319518716578 0.018682364729458917 0.017379679144385027
0 0.4966683366733467 0.2806283422459893 0.01881513026052104 0.022650401069518714
0 0.49279058116232466 0.39900066844919785 0.016698396793587172 0.03059826203208556
0 0.3180385771543086 0.24376336898395723 0.015706412825651304 0.03413435828877005
1 0.6042109218436874 0.19173128342245987 0.015110220440881764 0.02775735294117647
0 0.6678406813627255 0.11075534759358288 0.011981462925851703 0.022372994652406417